#http://finance.qq.com/a/20120706/001672.htm?qq=0&ADUIN=249356882&ADSESSION=1341531647&ADTAG=CLIENT.QQ.3307_.0
#部分省市2011年平均工资一览
province<-c('北京','上海','浙江','江苏','广东','宁夏','青海','天津','安徽','重庆','山西','陕西','福建','四川','山东','海南','河北','湖南','云南','吉林','广西','江西','甘肃')
m_avg<-c(4672,4331,3888,3832,3763,3715,3541,3520,3387,3337,3325,3254,3249,3160,3061,3060,3014,2960,2949,2850,2848,2838,2742)
y_avg<-c(56061,51968,46660,45987,45152,44574,42493,42240,40640,40042,39903,39043,38989,37924,36737,36716,36166,35520,35387,34197,34178,34055,32906)
incr<-c(11.2,11.1,12.4,13.5,6.3,13.9,14.6,12.5,11.9,7.6,12.97,7.7,19.4,14.5,8.9,18.3,6.3,16.5,17.0,16.3,1.54,17.1,10.6)
df<-data.frame(province,m_avg,y_avg,incr)

